88214
57484
60454
62794
64414
66124
68374
70084
71794
74224
76834
79624
82864
85114
87634
89794
92674
94294
96454
98254
504
2034
4194
7434
10944
13554
16254
18684
24984
28944
31284
33714
35244
37494
39114
41724
44694
48834
52434
55314
58644
61344
63234
67014
68994
71514
73404
75204
77274
79524
81324
83934
86454
89424
92034
94644
96804
99594
2834
4094
5894
7244
8594
10394
13724
15164
18764
20384
24344
28304
30824
33614
36404
38204
39914
42974
44774
46574
48464
50894
53414
56204
58544
60704
63944
66644
69074
71324
72764
74924
76364
78614
81134
83924
86714
89324
91664
94364
97334
99314
2374
59314
61924
64984
66694
68494
71374
74254
76594
79204
82174
84424
86494
88114
89644
91264
92884
94414
95944
97474
98914
714
2244
5214
7914
11604
13944
17544
19434
20964
22674
24294
26094
28704
31224
33474
36174
38694
41664
43824
45444
47964
49404
51744
53274
54984
56244
59304
61464
63354
65064
67494
69744
71364
73074
74874
76494
78294
80094
81804
83964
86304
88914
91434
94224
96654
99084
1784
4754
7364
10064
11414
12944
14744
17174
18884
21494
23924
25364
27794
30224
32654
35174
37424
40844
42554
50204
52454
54704
56414
58214
62534
65504
68114
70814
73514
75494
77654
79004
80624
82244
84134
86744
88904
90344
93674
96914
154
2764
4834
7804
10414
12574
14284
15994
17794
19594
21754
24904
28684
32194
34714
37324
40294
42994
46054
49204
50914
52624
54154
56674
59014
61984
64774
67474
69004
72154
74764
77284
78904
81154
83224
85114
87274
89254
91144
95104
98344
684
3114
6714
9504
12294
14904
16704
18774
20754
22554
24264
26784
30114
33084
35964
38574
41184
42804
46494
49014
52344
54414
56484
58104
60084
61884
64854
67464
69984
72864
74394
76014
78534
80514
82494
84294
86184
87984
89694
91764
93384
95904
98784
1304
3554
5264
6974
9404
11834
14534
17234
19754
22634
25694
27944
29924
31544
33254
34694
36854
38654
41894
44954
47384
49004
51794
54224
56474
58184
60074
61514
63314
64934
66554
69164
70604
74024
76454
78974
81314
83654
85814
88244
90044
91934
93734
95354
96794
99134
1474
4354
6784
9214
11284
13984
17134
20914
22534
24244
25684
27394
29014
31624
33064
36484
38824
41254
43684
46294
48274
50614
52144
53764
55474
56914
59074
62314
65014
68254
70594
72934
76444
79594
82564
85174
87514
89044
90664
92194
94534
95794
99034
2184
5334
7134
9654
12264
14604
16674
18204
20094
21714
23154
24594
27924
31254
33774
36204
38544
41064
43404
45564
47994
49794
51594
52944
54924
56544
58254
60864
63924
66354
68514
71484
73284
76074
79314
82194
83994
85524
87324
89034
90564
92724
94614
97044
99384
1634
4154
6224
9554
11984
13514
15404
17294
19004
21074
24584
27194
29444
30794
32954
36104
38354
40334
42314
43844
45554
47354
48884
50504
51854
54914
56714
58784
61394
63104
65264
67424
69944
71474
74984
76784
78584
80204
83354
86594
90554
93074
94514
96764
98924
1354
3334
5314
7114
8464
11254
12964
15664
18094
20434
23494
26014
27814
30874
33214
35554
37624
39514
40954
43474
45184
46534
49954
52474
54454
57064
60394
64174
66874
69574
72544
74794
76594
79024
80644
83254
85864
88294
91174
93964
97744
99814
2154
4764
7554
9264
11064
12954
14844
16914
18894
21504
24024
25464
27804
30324
33384
36624
38514
40404
42024
43824
45984
47694
49494
52284
54444
57234
59844
63174
66324
69474
72534
74604
76494
78294
79734
82434
84144
86214
89814
92244
94764
97194
99984
2684
5384
8084
9974
12044
13754
15644
18614
21494
23114
26084
28604
31124
34004
36524
39044
41834
43634
45884
47594
49934
52994
55334
57944
61274
64064
66404
69104
72074
74504
77204
79004
80534
83684
86564
88814
90524
93134
95924
98354
784
3574
6274
9604
12124
13744
15634
17254
19054
20854
23464
26344
29044
32104
34624
36874
41104
44974
47314
50554
52174
53974
56764
58924
61174
64504
67024
69634
72334
75214
77554
80164
82234
83944
85654
87364
89344
92224
95104
98164
864
3474
6894
9684
12744
14994
17334
19224
21114
23094
24714
26334
27954
30654
33534
36414
39294
41094
43794
46224
48564
50994
52794
54144
56754
58914
62154
65304
67644
71244
73944
76284
77814
80154
82764
84294
86184
87984
89604
91674
94464
96894
314
2924
5084
7334
9674
11924
14354
15974
17504
19034
21194
22724
25604
28214
30644
33524
35864
38834
40814
43784
45854
47654
49814
51974
53504
55124
56924
59444
62054
64394
67724
70154
72404
74834
77534
79154
80684
82304
84014
86354
88874
91214
93914
96884
99584
1834
5164
7684
10294
12364
13894
16234
18304
21004
23074
25414
27754
30004
32704
34954
37834
41254
43684
45574
47464
49264
50884
52594
55744
58084
60244
62854
65464
68164
70144
72394
75724
78064
79954
81664
83554
86254
88054
90124
92824
95524
98044
474
2994
5694
8394
10644
12354
14514
16314
18204
19644
22254
24954
27294
29634
32514
36024
38094
40884
42684
44484
46284
48174
49704
51234
54654
57084
59424
61854
63834
66444
68694
71124
73284
75174
76884
78684
80664
82554
85344
87594
90294
92814
95244
98304
554
2894
4424
6314
9374
12614
14684
16934
18374
20264
21884
23594
25574
27464
30074
31784
34934
37454
39794
43934
46364
48614
50414
53564
55184
56624
58244
60764
63554
66164
68864
70934
74084
76874
79574
82724
84344
86234
87764
90104
91994
93974
97574
904
3694
5944
8194
11164
13774
16024
17734
19624
21424
23044
24664
26644
29974
32314
34834
37714
40414
42844
45274
47524
49504
51304
53284
55264
56704
59044
61744
64444
66874
69664
72364
75694
78574
80914
82354
84244
85684
87214
89554
90904
93154
95944
98644
1524
3864
6924
9084
11334
13044
15024
17004
20874
25554
34104
37704
43284
46524
50934
55074
58494
60744
64974
70464
74694
77124
79914
82884
88374
92694
94314
98274
704
6824
8624
12494
15284
17174
21314
23024
25364
27074
31034
34904
37784
41654
44624
47954
51374
54794
56774
62264
65684
69824
73244
76214
79994
82604
85844
88274
90704
93134
96014
334
5104
7804
10414
12484
14464
16264
20044
24814
28594
32194
35704
40654
43804
47224
50374
52174
54604
56674
58924
62434
65944
68554
72154
75484
78364
82144
85474
88534
91414
93664
96274
144
3564
7614
10674
14184
17604
20844
22914
25974
28944
31104
34614
37404
39924
42624
44964
47484
50814
54684
57744
61254
66024
70974
77094
80874
83394
86184
88974
91944
94374
404
6704
12554
22094
26594
32264
34964
43154
47384
50714
52964
56024
60434
65204
69614
71684
74564
77354
80594
83114
86354
89414
92834
99674
3364
5074
7594
9934
12184
14074
17134
19384
22714
25144
27844
30904
32794
35314
37564
39274
40984
45844
48454
51334
53674
57274
59524
61864
64654
86614
98134
3264
5514
7584
11184
12804
14334
17664
20634
24234
27474
29994
32244
35934
38184
40074
42054
43494
46464
49074
50694
54834
59874
62934
66714
75174
82554
84894
88944
96324
99744
2264
4964
8294
10274
